%% File generated by CATS v.2.1Mon Jan  9 11:11:58 2017

%% The CATS webpage is http://robotics.stanford.edu/CATS

%% PARAMETER SETTINGS:
% Goods: 12; Bids: 1000; Distribution: arbitrary; Runs: 1000; Seed: 1483966306
% Arbitrary Distribution Parameters:
% Max Substitutable Bids = 5
% Removing HV Neighbor   = 0.1
% Adding DIAG Neighbor   = 0.2
% Additional Location    = 0.9
% Additivity             = 0.2
% Budget Factor          = 1.5
% Resale Factor          = 0.5
% Normal Private Value:
%   Mean                 = 0
%   Standard Deviation   = 30



goods 12
bids 1000
dummy 169

0	485.573	6	7	1	11	3	10	9	0	2	8	#
1	878.892	7	1	0	10	2	6	3	5	4	8	11	9	#
2	1121.34	3	2	0	9	5	4	8	6	11	7	1	10	#
3	166.431	7	6	12	#
4	192.011	6	10	12	#
5	163.592	7	11	12	#
6	965.342	6	1	10	0	7	2	11	4	5	3	#
7	559.144	3	2	6	10	7	4	8	11	5	0	1	9	#
8	418.652	9	1	7	10	2	8	13	#
9	524.006	10	2	8	1	7	0	13	#
10	506.117	8	10	0	6	1	11	13	#
11	487.399	7	4	3	8	6	0	13	#
12	425.591	1	11	2	6	9	7	13	#
13	424.932	2	6	3	5	7	9	13	#
14	69.3209	0	#
15	768.777	5	10	1	2	6	4	11	3	0	8	7	9	#
16	624.316	0	4	2	1	3	8	7	11	9	14	#
17	689.789	4	2	1	10	5	9	3	8	0	14	#
18	655.264	0	3	10	2	4	11	9	5	8	14	#
19	599.572	2	8	0	7	5	6	9	10	1	14	#
20	595.465	1	10	0	2	5	11	3	8	7	14	#
21	591.019	9	11	4	2	3	5	6	0	7	14	#
22	273.122	7	3	6	10	15	#
23	346.515	6	10	0	11	15	#
24	326.782	3	10	8	0	15	#
25	301.271	7	11	3	8	15	#
26	293.797	10	8	3	7	15	#
27	461.912	2	6	4	0	5	1	8	9	11	3	7	10	#
28	275.428	1	2	3	16	#
29	309.862	3	2	0	16	#
30	219.462	1	7	8	16	#
31	513.049	1	7	2	9	11	4	0	8	3	5	10	6	#
32	705.38	9	7	5	3	6	10	1	8	4	11	2	17	#
33	739.814	4	2	7	3	8	9	11	5	0	10	6	17	#
34	714.565	8	4	5	3	10	6	2	11	9	0	1	17	#
35	697.9	7	2	11	6	3	8	5	4	1	9	0	17	#
36	824.888	9	7	0	11	5	8	4	2	3	10	1	6	#
37	232.932	9	0	5	7	1	6	3	4	10	2	8	11	#
38	557.765	9	4	1	5	10	6	11	7	0	3	2	8	#
39	851.794	2	11	8	0	7	6	10	1	9	3	4	5	#
40	87.9472	5	8	9	18	#
41	79.2745	9	10	4	18	#
42	889.142	1	0	5	10	8	2	9	4	6	3	11	7	#
43	647.307	4	2	9	1	3	6	10	8	11	7	5	19	#
44	768.86	1	7	6	2	11	3	9	0	5	10	4	19	#
45	761.04	6	7	3	1	0	10	2	11	9	4	8	19	#
46	697.659	5	4	2	0	1	8	3	9	11	6	10	19	#
47	692.997	11	2	4	3	8	7	9	1	5	0	6	19	#
48	548.178	4	9	1	0	5	8	20	#
49	625.275	9	7	0	6	1	8	20	#
50	563.612	8	4	7	11	6	1	20	#
51	553.818	4	7	9	8	0	1	20	#
52	521.489	5	6	4	2	9	7	20	#
53	516.533	0	8	4	9	5	10	20	#
54	436.575	4	7	11	2	10	6	21	#
55	442.826	4	5	0	6	8	11	21	#
56	390.384	2	0	11	1	4	10	21	#
57	376.936	6	5	7	9	11	1	21	#
58	367.551	10	5	2	9	0	11	21	#
59	348.522	7	5	1	4	9	11	21	#
60	798.689	7	9	11	0	3	4	8	1	2	10	22	#
61	856.565	9	10	8	1	2	0	6	11	7	3	22	#
62	836.426	3	8	0	10	6	1	11	7	5	9	22	#
63	828.614	1	9	7	3	2	11	10	5	8	0	22	#
64	778.246	7	0	10	1	8	11	4	9	6	2	22	#
65	744.395	4	3	11	0	10	2	1	9	6	7	22	#
66	451.694	0	1	8	10	11	2	9	6	4	7	5	3	#
67	489.914	7	1	11	10	3	23	#
68	512.581	3	7	11	0	6	23	#
69	398.285	1	8	11	3	0	23	#
70	288.932	10	4	0	6	8	23	#
71	226.079	11	1	8	7	4	23	#
72	214.907	7	1	2	9	5	23	#
73	617.994	3	7	1	9	6	11	8	5	0	10	24	#
74	646.399	1	9	7	11	6	2	8	3	0	10	24	#
75	589.739	6	8	10	11	0	1	2	7	9	5	24	#
76	568.918	9	5	8	7	3	6	0	11	2	1	24	#
77	565.161	11	8	6	9	1	2	0	10	3	5	24	#
78	539.805	3	8	6	2	7	10	11	9	4	5	24	#
79	602.931	3	7	6	8	4	11	25	#
80	649.909	6	3	2	7	5	11	25	#
81	608.508	11	7	6	3	9	2	25	#
82	566.894	3	8	4	11	10	5	25	#
83	554.093	4	8	5	6	7	2	25	#
84	534.501	7	6	0	11	4	8	25	#
85	45.4851	6	7	#
86	570.531	4	5	3	2	8	6	9	11	7	10	1	0	#
87	744.526	0	10	1	2	9	7	6	8	5	3	11	4	#
88	664.283	7	0	3	9	5	2	6	10	8	11	4	1	#
89	353.739	3	8	0	10	4	26	#
90	497.367	4	5	1	11	0	26	#
91	411.731	0	5	3	2	10	26	#
92	338.759	8	6	10	0	3	26	#
93	312.114	3	11	6	5	4	26	#
94	229.134	10	8	4	2	3	26	#
95	24.8583	9	#
96	388.395	2	0	1	5	27	#
97	463.544	0	10	3	11	27	#
98	400.855	1	11	10	2	27	#
99	335.902	2	0	10	4	27	#
100	235.405	5	2	6	10	27	#
101	547.063	9	10	1	2	7	11	0	8	3	6	5	4	#
102	491.463	9	5	3	8	6	4	1	2	10	7	11	0	#
103	890.596	2	8	6	3	11	10	7	1	0	4	9	5	#
104	709.533	9	0	2	8	5	10	11	3	4	7	1	6	#
105	823.646	11	8	4	9	6	7	3	0	5	28	#
106	874.723	9	4	8	11	6	10	1	5	0	28	#
107	865.29	4	7	8	6	11	9	10	0	1	28	#
108	854.627	11	6	4	9	8	7	1	0	5	28	#
109	834.309	3	8	9	11	0	6	4	7	10	28	#
110	801.544	8	2	1	9	11	6	7	5	10	28	#
111	42.4123	6	#
112	98.3348	11	#
113	116.55	6	#
114	450.749	8	11	6	3	9	2	7	10	1	0	5	4	#
115	148.829	3	#
116	626.876	11	4	2	1	9	0	5	10	8	6	7	29	#
117	659.173	8	4	11	3	6	10	2	0	1	5	7	29	#
118	643.04	5	4	0	10	9	8	2	6	11	3	7	29	#
119	635.197	1	9	7	5	3	0	10	11	6	4	2	29	#
120	631.723	0	9	10	8	4	11	1	7	5	3	2	29	#
121	608.606	7	11	4	6	9	8	2	10	1	5	3	29	#
122	537.54	8	1	2	11	7	6	30	#
123	625.989	7	0	1	11	6	8	30	#
124	611.568	6	9	0	7	8	3	30	#
125	562.359	11	10	8	9	7	3	30	#
126	546.484	2	1	10	11	6	8	30	#
127	538.347	1	10	8	11	9	2	30	#
128	49.5486	4	#
129	782.575	0	8	1	5	6	11	2	4	7	10	3	31	#
130	850.733	10	0	9	2	6	5	3	11	1	8	4	31	#
131	815.966	1	2	4	9	0	8	5	6	7	3	11	31	#
132	814.84	0	2	4	10	7	5	9	8	3	1	11	31	#
133	766.286	7	1	6	0	4	3	11	8	2	9	10	31	#
134	756.464	6	9	5	2	0	10	1	4	7	11	8	31	#
135	401.776	3	11	8	6	10	4	2	1	7	0	5	9	#
136	493.634	9	10	8	11	6	4	32	#
137	523.678	6	11	9	8	10	0	32	#
138	394.006	8	1	4	9	2	10	32	#
139	382.519	11	4	9	7	6	10	32	#
140	381.449	4	3	9	10	2	5	32	#
141	365.492	9	11	7	4	1	8	32	#
142	376.545	4	5	2	8	6	9	33	#
143	422.111	5	6	0	4	8	10	33	#
144	386.989	6	5	10	0	7	3	33	#
145	384.662	9	7	6	11	0	4	33	#
146	382.664	8	4	6	11	3	10	33	#
147	369.022	2	6	5	3	8	11	33	#
148	454.558	1	0	10	9	7	34	#
149	603.087	0	1	10	3	8	34	#
150	493.942	9	11	3	6	0	34	#
151	474.551	7	0	10	3	8	34	#
152	413.351	1	2	7	9	3	34	#
153	364.473	10	7	6	0	11	34	#
154	264.779	6	10	0	2	35	#
155	310.176	0	9	5	6	35	#
156	292.743	10	1	0	3	35	#
157	226.458	2	8	10	6	35	#
158	194.087	6	4	3	9	35	#
159	648.99	0	2	4	7	1	3	8	5	10	11	6	9	#
160	540.103	9	2	4	7	0	8	5	3	11	6	10	1	#
161	261.905	6	7	4	8	36	#
162	319.176	7	9	0	3	36	#
163	312.743	6	7	10	3	36	#
164	243.542	8	10	2	4	36	#
165	235.572	4	1	9	7	36	#
166	484.645	11	1	8	0	10	3	9	6	37	#
167	679.227	0	10	5	7	11	4	3	2	37	#
168	670.257	10	8	4	3	5	0	6	11	37	#
169	627.085	3	2	10	4	11	8	5	6	37	#
170	622.376	9	11	1	5	4	2	10	3	37	#
171	600.124	1	4	7	3	0	5	2	11	37	#
172	646.923	1	9	7	0	8	5	3	11	2	10	4	6	#
173	1127.25	8	3	7	4	0	2	11	6	10	1	5	9	#
174	160.298	10	1	38	#
175	94.2801	1	9	38	#
176	84.16	10	8	38	#
177	133.615	3	2	8	39	#
178	114.433	8	6	2	39	#
179	90.0622	3	4	8	39	#
180	54.5631	2	7	9	39	#
181	267.195	1	9	2	7	0	5	4	40	#
182	398.312	9	5	0	10	6	3	2	40	#
183	366.195	1	2	5	9	0	7	3	40	#
184	362.455	7	11	6	10	1	3	2	40	#
185	327.065	2	1	6	5	8	4	0	40	#
186	322.037	4	7	8	2	10	3	1	40	#
187	840.68	6	0	11	7	8	4	1	5	3	9	10	2	#
188	482.134	4	8	5	3	2	1	11	6	7	0	9	10	#
189	512.282	6	8	2	4	7	1	3	0	11	10	9	5	#
190	810.137	5	0	6	3	9	10	2	4	7	8	1	11	#
191	678.196	7	4	5	8	0	11	10	3	1	9	6	2	#
192	593.183	7	0	8	1	6	11	2	4	10	9	3	41	#
193	623.108	9	1	5	7	10	3	6	2	0	8	11	41	#
194	598.06	11	1	3	10	2	8	4	7	6	0	5	41	#
195	577.188	2	10	0	1	3	11	9	8	4	5	7	41	#
196	574.084	3	11	6	4	10	5	2	0	1	9	7	41	#
197	555.623	8	4	1	11	9	0	2	7	10	6	5	41	#
198	372.093	11	8	4	1	7	42	#
199	410.969	4	9	0	10	6	42	#
200	408.084	7	9	1	0	2	42	#
201	352.866	11	9	6	8	4	42	#
202	275.24	8	2	4	9	0	42	#
203	188.089	4	10	5	43	#
204	261.283	10	5	3	43	#
205	252.301	5	9	3	43	#
206	373.028	9	0	5	2	10	1	8	44	#
207	453.518	5	0	1	8	4	3	9	44	#
208	440.527	8	4	6	5	0	1	9	44	#
209	435.086	10	1	3	5	0	8	6	44	#
210	412.975	1	4	0	9	8	2	3	44	#
211	379.357	0	1	4	7	9	8	6	44	#
212	315.279	3	4	5	9	45	#
213	352.957	3	2	4	8	45	#
214	311	5	8	2	4	45	#
215	290.853	9	1	0	3	45	#
216	243.834	4	2	10	8	45	#
217	495.962	11	6	1	2	4	10	46	#
218	681.443	10	8	6	0	2	11	46	#
219	660.576	2	0	11	1	8	10	46	#
220	647.009	11	8	1	10	6	2	46	#
221	561.298	1	9	11	2	3	0	46	#
222	549.207	6	3	7	2	10	8	46	#
223	31.8982	10	#
224	442.076	6	7	5	0	9	2	10	47	#
225	611.137	10	2	8	11	0	1	9	47	#
226	588.824	0	1	3	7	10	8	11	47	#
227	544.674	6	0	8	10	1	2	9	47	#
228	524.78	7	8	11	2	0	4	1	47	#
229	502.581	9	4	10	7	0	8	5	47	#
230	877.916	0	8	2	6	1	5	4	7	9	3	48	#
231	845.823	0	4	7	8	1	2	6	3	5	11	48	#
232	833.373	9	7	0	8	11	6	4	1	3	5	48	#
233	830.634	6	11	7	1	0	2	9	8	3	5	48	#
234	825.899	7	1	8	4	0	5	9	10	6	3	48	#
235	793.235	3	4	9	6	7	0	10	1	8	2	48	#
236	813.216	7	6	3	10	0	5	11	1	2	49	#
237	804.357	7	2	11	6	0	4	5	10	3	49	#
238	762.97	6	8	0	3	10	7	5	2	11	49	#
239	724.5	10	8	4	3	7	6	11	1	5	49	#
240	722.508	3	5	8	6	7	10	2	4	0	49	#
241	672.133	5	10	2	3	0	9	11	7	4	49	#
242	72.0308	9	4	50	#
243	96.0077	4	8	50	#
244	580.07	3	10	2	0	1	4	8	51	#
245	609.995	1	2	10	8	0	3	5	51	#
246	588.114	8	2	0	3	10	1	9	51	#
247	565.814	2	0	5	3	9	8	4	51	#
248	531.38	3	8	9	1	5	2	4	51	#
249	529.804	10	1	2	5	9	0	4	51	#
250	267.851	3	11	5	2	1	0	10	52	#
251	218.799	5	4	1	0	8	3	10	52	#
252	214.313	3	4	1	0	2	5	9	52	#
253	198.018	11	1	0	2	8	4	5	52	#
254	162.808	0	10	5	2	7	3	4	52	#
255	144.96	2	8	0	6	9	1	4	52	#
256	605.278	10	0	4	11	1	5	2	7	9	6	3	8	#
257	173.882	9	4	7	3	1	6	8	53	#
258	244.967	3	8	5	10	9	7	6	53	#
259	208.487	8	4	3	10	0	7	11	53	#
260	193.247	4	10	7	0	2	8	9	53	#
261	190.19	6	4	8	11	2	5	9	53	#
262	186.749	1	8	4	11	9	7	6	53	#
263	86.4773	2	#
264	432.163	10	11	4	7	2	9	0	6	1	3	5	8	#
265	669.74	7	0	9	11	1	6	10	4	8	3	2	5	#
266	758.588	2	10	3	0	11	1	7	6	8	5	4	9	#
267	257.59	6	8	0	10	7	9	4	54	#
268	338.597	10	7	6	2	1	11	0	54	#
269	316.257	7	0	8	9	5	1	6	54	#
270	291.61	9	7	8	1	6	11	3	54	#
271	265.065	8	11	9	7	0	4	6	54	#
272	243.316	6	1	0	11	8	4	9	54	#
273	810.004	11	8	1	10	2	3	0	7	9	6	5	4	#
274	199.088	4	0	55	#
275	255.122	0	3	55	#
276	164.654	4	1	55	#
277	384.761	11	7	8	3	10	6	4	2	0	1	5	9	#
278	385.61	7	0	3	8	4	56	#
279	524.799	0	10	2	11	3	56	#
280	478.034	7	1	11	3	2	56	#
281	425.531	8	11	1	3	0	56	#
282	364.171	3	9	0	1	4	56	#
283	361.633	4	7	9	3	0	56	#
284	181.143	9	1	57	#
285	240.005	1	10	57	#
286	74.3458	9	7	57	#
287	939.464	7	6	0	5	3	10	11	8	9	1	4	2	#
288	246.337	6	0	11	2	8	5	58	#
289	348.085	0	7	10	6	1	8	58	#
290	323.442	2	1	10	6	11	8	58	#
291	319.158	5	10	1	7	0	11	58	#
292	252.83	8	2	3	6	1	7	58	#
293	240.18	11	1	10	7	9	5	58	#
294	133.271	9	5	7	59	#
295	165.403	9	5	10	59	#
296	142.724	7	11	9	59	#
297	80.3819	5	2	7	59	#
298	982.024	3	8	0	7	6	4	2	11	10	5	9	1	#
299	914.45	7	3	0	8	10	1	6	2	5	11	4	9	#
300	924.87	8	4	2	11	1	10	6	7	9	0	5	3	#
301	467.313	7	6	3	10	60	#
302	456.316	10	0	3	9	60	#
303	419.21	3	6	0	4	60	#
304	392.591	7	8	2	11	60	#
305	360.802	6	2	11	4	60	#
306	576.593	3	4	11	9	10	2	0	1	7	5	6	8	#
307	42.8394	6	#
308	490.949	4	3	2	8	10	0	6	5	11	1	7	9	#
309	569.897	1	8	3	9	11	4	7	2	0	61	#
310	743.987	0	10	11	8	1	2	9	5	3	61	#
311	716.158	1	7	3	11	0	2	10	9	8	61	#
312	697.716	7	11	10	0	8	3	9	1	6	61	#
313	669.46	9	1	8	10	6	0	7	11	2	61	#
314	667.365	2	1	11	8	6	9	0	10	4	61	#
315	244.074	2	10	6	4	3	62	#
316	309.424	6	10	0	7	2	62	#
317	281.472	2	3	11	6	5	62	#
318	256.813	3	6	7	8	1	62	#
319	221.813	4	8	10	11	0	62	#
320	179.357	10	8	1	5	7	62	#
321	420.074	10	0	1	11	8	5	4	6	7	2	9	3	#
322	492.349	6	11	10	5	9	0	63	#
323	643.966	0	9	8	10	11	5	63	#
324	472.105	9	10	5	1	0	4	63	#
325	471.913	6	11	2	0	8	10	63	#
326	470.073	10	2	5	8	11	1	63	#
327	388.951	5	10	8	3	2	11	63	#
328	261.448	9	5	0	64	#
329	255.452	0	9	3	64	#
330	227.014	9	1	5	64	#
331	556.175	11	6	0	3	7	5	4	8	2	10	1	9	#
332	223.263	1	7	65	#
333	243.139	7	6	65	#
334	204.598	1	10	65	#
335	991.729	1	11	4	2	3	0	9	10	8	5	6	7	#
336	59.1626	7	#
337	354.284	1	11	4	5	9	8	66	#
338	526.034	4	8	6	3	2	11	66	#
339	516.75	8	11	3	9	1	2	66	#
340	468.97	11	10	8	6	4	5	66	#
341	426.899	5	4	11	8	1	2	66	#
342	66.4592	9	#
343	1014.14	10	5	8	0	7	3	9	11	2	67	#
344	1028.57	5	2	8	11	10	4	0	6	3	67	#
345	994.134	8	4	1	10	2	11	5	6	3	67	#
346	991.371	11	1	0	9	8	5	2	6	10	67	#
347	983.786	10	3	1	0	2	8	5	6	7	67	#
348	953.809	0	7	4	1	10	9	11	3	8	67	#
349	383.035	7	3	0	10	6	68	#
350	358.118	7	6	0	5	3	68	#
351	318.316	0	3	11	6	9	68	#
352	257.668	6	5	2	9	0	68	#
353	254.044	3	8	2	7	6	68	#
354	925.799	11	9	3	1	4	10	2	0	8	5	69	#
355	972.951	3	0	2	8	10	7	1	6	9	11	69	#
356	952.359	10	3	11	0	6	2	8	9	4	1	69	#
357	945.343	11	1	2	8	0	4	5	3	10	6	69	#
358	941.957	0	1	11	6	9	2	10	3	7	5	69	#
359	936.01	2	6	11	8	4	10	0	3	7	1	69	#
360	434.183	6	8	1	0	10	7	9	5	11	3	4	2	#
361	49.7265	0	#
362	1036.48	5	2	0	3	6	7	8	1	9	10	4	11	#
363	200.353	7	1	70	#
364	225.842	1	11	70	#
365	139.909	7	9	70	#
366	388.482	1	2	4	7	8	71	#
367	560.156	7	9	11	3	0	71	#
368	523.362	1	10	7	3	2	71	#
369	513.969	2	7	8	1	10	71	#
370	432.31	4	3	7	0	2	71	#
371	338.508	9	7	6	4	11	8	0	10	1	5	3	2	#
372	824.651	3	8	4	11	5	9	10	2	6	7	0	72	#
373	805.055	7	1	9	10	2	3	5	0	8	4	11	72	#
374	790.217	9	5	2	6	7	11	10	3	8	1	4	72	#
375	721.51	0	6	3	4	8	11	2	1	9	7	10	72	#
376	699.058	0	5	4	11	9	2	6	7	1	3	73	#
377	723.035	11	8	4	5	3	6	2	1	0	7	73	#
378	715.561	3	1	10	8	0	2	4	7	6	5	73	#
379	675.994	6	11	2	1	5	7	9	8	3	0	73	#
380	647.961	9	0	10	5	11	4	3	1	6	7	73	#
381	640.005	4	3	7	1	8	5	0	11	9	6	73	#
382	42.145	7	2	#
383	818.353	2	1	9	11	8	0	3	74	#
384	687.483	11	4	8	3	0	10	2	74	#
385	679.688	9	10	1	2	0	8	7	74	#
386	635.086	8	11	1	7	2	3	9	74	#
387	595.979	0	2	11	4	10	1	5	74	#
388	590.319	3	8	4	11	6	2	0	74	#
389	122.405	8	11	75	#
390	113.313	8	2	75	#
391	40.1995	11	4	75	#
392	939.618	4	8	3	2	10	1	6	7	5	11	9	0	#
393	405.013	8	6	0	2	5	10	76	#
394	471.041	2	5	8	6	4	7	76	#
395	441.476	8	6	5	11	9	2	76	#
396	439.978	5	2	6	3	4	7	76	#
397	367.451	0	8	3	4	7	10	76	#
398	361.614	6	0	11	8	1	3	76	#
399	187.379	0	7	77	#
400	154.668	7	3	77	#
401	138.71	0	9	77	#
402	193.827	9	7	0	78	#
403	268.961	0	7	2	78	#
404	232.314	9	11	3	78	#
405	439.634	9	11	10	0	3	8	2	5	4	7	6	1	#
406	265.833	10	5	6	79	#
407	273.307	6	11	5	79	#
408	172.408	5	9	6	79	#
409	151.895	10	1	2	79	#
410	352.348	2	3	5	6	1	4	8	7	11	0	80	#
411	344.873	5	8	4	2	1	10	6	0	3	7	80	#
412	333.529	8	5	4	2	6	0	9	1	3	7	80	#
413	327.101	11	8	3	7	2	10	4	6	5	0	80	#
414	320.897	1	2	3	6	9	5	10	4	0	7	80	#
415	308.282	0	5	4	3	7	9	10	2	6	8	80	#
416	509.066	2	1	10	9	3	5	6	8	7	11	4	0	#
417	391.766	8	11	1	9	4	81	#
418	517.945	1	7	0	6	8	81	#
419	453.153	8	4	5	6	11	81	#
420	441.98	9	1	7	0	8	81	#
421	431.837	11	1	8	7	4	81	#
422	320.185	4	5	9	2	10	81	#
423	155.676	1	4	82	#
424	102.904	1	7	82	#
425	103.991	10	#
426	155.409	9	2	83	#
427	232.524	2	11	83	#
428	207.996	9	10	83	#
429	187.54	2	9	1	84	#
430	258.159	9	3	10	84	#
431	225.797	2	11	5	84	#
432	74.2561	1	7	4	84	#
433	14.5542	10	#
434	59.6836	11	#
435	308.472	0	1	4	7	85	#
436	360.253	4	3	0	11	85	#
437	332.707	0	2	6	4	85	#
438	329.857	7	3	0	2	85	#
439	262.379	1	7	4	2	85	#
440	646.628	10	8	2	0	7	9	5	4	3	1	6	11	#
441	36.7053	5	#
442	269.948	1	4	3	10	5	86	#
443	276.126	10	2	0	5	4	86	#
444	245.468	1	4	9	2	0	86	#
445	203.959	5	0	4	6	10	86	#
446	187.978	4	8	2	1	10	86	#
447	172.777	3	1	7	4	8	86	#
448	669.429	0	7	6	11	4	1	8	9	5	2	10	3	#
449	484.244	0	5	7	1	3	4	2	9	8	10	6	87	#
450	527.464	2	10	1	4	5	9	8	11	3	0	6	87	#
451	507.113	3	0	4	5	8	6	2	7	10	9	11	87	#
452	491.718	7	0	5	6	2	3	4	11	9	1	8	87	#
453	472.679	1	2	4	8	3	5	10	6	7	11	9	87	#
454	755.39	1	8	2	5	0	6	3	9	11	4	10	7	#
455	122.569	6	#
456	472.166	0	6	11	10	5	4	1	2	7	9	3	8	#
457	126.403	11	9	4	88	#
458	176.239	9	11	3	88	#
459	87.199	4	3	5	88	#
460	212.962	1	8	89	#
461	158.378	1	7	89	#
462	127.541	8	11	89	#
463	500.875	9	0	11	2	4	5	90	#
464	589.841	11	4	3	5	2	10	90	#
465	542.468	4	2	3	11	10	1	90	#
466	534.293	0	10	6	9	5	3	90	#
467	456.538	5	9	0	6	4	2	90	#
468	443.185	9	11	5	2	7	1	90	#
469	98.4442	4	6	7	11	#
470	117.379	8	10	91	#
471	73.8461	8	3	91	#
472	70.5484	10	2	91	#
473	353.052	10	11	3	2	5	9	92	#
474	519.324	11	1	3	0	10	9	92	#
475	505.118	3	0	2	1	7	10	92	#
476	400.196	5	0	2	11	4	1	92	#
477	367.088	10	7	0	4	2	1	92	#
478	277.884	9	0	3	2	4	5	92	#
479	111.142	4	11	#
480	1223.69	3	7	9	4	0	11	5	2	6	8	10	1	#
481	136.096	11	2	6	93	#
482	186.261	6	5	11	93	#
483	116.951	2	11	9	93	#
484	57.0169	9	6	94	#
485	49.7379	9	0	94	#
486	745.163	9	0	5	4	6	1	7	11	10	3	2	8	#
487	338.439	3	0	2	4	1	95	#
488	305.743	1	10	0	9	2	95	#
489	249.259	2	0	8	10	5	95	#
490	225.282	0	5	2	9	10	95	#
491	219.334	3	8	6	11	2	95	#
492	179.263	4	2	5	1	11	95	#
493	411.599	0	11	9	2	5	6	1	7	96	#
494	615.875	5	11	2	4	7	10	8	3	96	#
495	543.356	7	8	11	4	10	5	6	3	96	#
496	528.876	0	2	3	1	5	10	8	7	96	#
497	505.018	6	3	2	4	9	10	5	7	96	#
498	497.561	9	10	7	2	11	3	1	6	96	#
499	183.121	5	4	8	3	2	1	97	#
500	222.11	2	5	4	0	6	9	97	#
501	202.667	3	4	9	6	5	7	97	#
502	76.8092	4	#
503	185.321	9	0	98	#
504	220.354	0	1	98	#
505	600.9	10	1	11	8	9	4	6	5	7	0	99	#
506	603.098	10	1	7	6	5	0	2	9	8	11	99	#
507	576.564	11	8	6	4	1	2	0	10	7	3	99	#
508	574.758	7	1	0	10	3	5	11	9	4	8	99	#
509	547.032	4	7	10	0	8	9	1	11	2	3	99	#
510	530.76	5	1	9	4	7	10	0	3	6	8	99	#
511	675.897	8	0	3	7	1	2	6	9	5	4	100	#
512	718.614	6	5	3	7	8	2	9	1	11	0	100	#
513	712.179	3	0	9	2	11	8	1	10	6	5	100	#
514	681.215	0	9	7	2	8	1	3	4	10	6	100	#
515	669.462	4	0	2	6	10	5	3	8	1	9	100	#
516	646.362	8	3	10	2	9	0	1	11	4	7	100	#
517	670.129	3	6	2	0	4	5	7	101	#
518	647.026	3	6	7	2	5	1	0	101	#
519	603.859	4	9	6	7	2	3	5	101	#
520	534.534	5	6	11	4	9	7	3	101	#
521	530.708	6	3	2	10	7	8	1	101	#
522	488.972	2	1	4	7	9	3	5	101	#
523	281.788	1	0	7	3	102	#
524	306.219	1	2	8	5	102	#
525	297.903	7	9	0	5	102	#
526	251.388	3	9	8	2	102	#
527	586.144	0	6	1	9	4	2	8	5	10	3	11	7	#
528	597.805	8	11	10	1	6	9	5	0	4	3	7	2	#
529	914.8	7	1	0	3	4	9	8	11	2	5	10	6	#
530	838.682	2	0	10	7	9	11	8	1	6	103	#
531	888.378	8	0	7	10	2	11	3	6	1	103	#
532	854.476	6	7	0	2	10	11	8	1	5	103	#
533	850.27	2	10	11	6	0	3	7	4	1	103	#
534	824.551	10	4	0	8	11	2	1	7	6	103	#
535	800.575	0	7	9	10	1	4	2	11	6	103	#
536	904.076	2	4	11	3	1	8	7	10	0	5	6	9	#
537	680.299	7	0	6	3	11	5	1	2	104	#
538	693.488	0	1	7	10	6	3	2	8	104	#
539	676.986	11	9	7	6	3	1	2	0	104	#
540	637.632	1	7	0	3	6	9	5	10	104	#
541	621.929	5	2	3	6	8	0	7	11	104	#
542	536.907	3	4	6	7	11	5	2	1	104	#
543	701.953	6	4	0	7	8	3	5	1	105	#
544	684.796	7	10	9	0	8	3	2	6	105	#
545	679.253	6	7	1	11	3	0	4	5	105	#
546	663.51	0	6	5	7	4	3	8	9	105	#
547	663.15	8	6	7	4	2	3	1	5	105	#
548	644.893	3	8	4	2	9	1	7	6	105	#
549	337.868	11	8	3	9	1	4	2	7	10	6	0	5	#
550	904.56	10	7	8	5	1	6	3	4	11	9	2	106	#
551	938.994	2	4	10	3	7	8	6	11	5	9	0	106	#
552	923.4	11	8	0	4	6	7	9	3	10	2	1	106	#
553	910.562	7	0	3	11	2	8	9	1	5	4	6	106	#
554	903.088	10	2	5	8	6	3	9	4	1	7	0	106	#
555	882.947	9	7	1	11	4	2	0	8	5	6	10	106	#
556	182.316	8	10	9	107	#
557	229.654	10	8	0	107	#
558	152.842	9	0	7	107	#
559	142.385	8	7	1	107	#
560	577.366	8	11	4	7	1	9	3	0	108	#
561	697.921	9	0	10	11	6	1	3	8	108	#
562	617.346	1	9	11	5	0	2	3	10	108	#
563	585.004	11	0	9	6	1	2	8	4	108	#
564	545.424	3	4	8	10	0	1	6	7	108	#
565	541.678	0	1	11	9	5	4	8	7	108	#
566	176.874	8	4	3	109	#
567	231.556	8	0	6	109	#
568	196.021	3	6	7	109	#
569	95.3235	4	1	9	109	#
570	542.43	3	5	7	11	9	2	4	8	6	1	10	0	#
571	1370.89	0	5	9	10	7	6	1	11	2	8	4	3	#
572	688.502	2	0	10	9	1	6	3	7	11	4	110	#
573	747.644	0	1	10	8	2	9	6	11	5	4	110	#
574	742.403	1	8	7	11	5	3	6	10	2	0	110	#
575	740.007	7	0	9	5	8	3	10	4	1	11	110	#
576	737.814	11	2	6	10	8	4	9	5	0	3	110	#
577	735.913	6	0	10	11	1	4	2	8	3	9	110	#
578	658.13	7	3	11	1	2	9	10	5	8	4	6	0	#
579	216.535	10	5	111	#
580	171.002	10	6	111	#
581	313.561	5	4	2	3	6	9	112	#
582	356.325	9	0	5	8	4	10	112	#
583	337.538	2	5	3	8	6	4	112	#
584	292.788	5	3	1	4	10	9	112	#
585	287.879	4	0	5	8	11	7	112	#
586	270.839	3	7	8	5	2	10	112	#
587	459.897	10	6	11	0	8	113	#
588	528.95	6	8	2	11	7	113	#
589	450.083	11	8	3	6	1	113	#
590	437.122	10	6	3	0	1	113	#
591	385.934	8	11	1	7	2	113	#
592	331.105	0	1	10	5	6	113	#
593	340.263	0	7	4	5	1	114	#
594	371.086	7	3	6	5	2	114	#
595	370.218	5	7	0	1	6	114	#
596	247.16	4	2	5	9	0	114	#
597	205.428	0	2	4	10	9	114	#
598	196.613	1	10	8	2	3	114	#
599	1059.36	2	4	7	0	1	6	3	5	10	11	9	8	#
600	693.665	10	9	1	5	8	2	6	11	0	7	115	#
601	754.384	11	4	8	5	1	2	7	6	0	10	115	#
602	751.976	8	10	6	7	2	0	1	5	3	11	115	#
603	730.408	5	0	11	7	6	1	2	10	9	4	115	#
604	724.329	9	11	4	10	7	8	1	6	0	5	115	#
605	722.051	0	7	1	10	3	11	8	6	2	4	115	#
606	346.023	4	9	10	3	2	116	#
607	443.606	10	7	5	6	3	116	#
608	441.149	9	6	2	3	5	116	#
609	375.332	3	7	4	2	9	116	#
610	361.361	4	11	7	2	5	116	#
611	350.392	2	5	8	7	11	116	#
612	582.207	9	10	8	4	2	3	11	117	#
613	617.264	3	11	10	8	0	2	9	117	#
614	529.724	11	8	1	2	3	10	4	117	#
615	492.86	4	2	9	0	3	11	8	117	#
616	480.876	10	1	5	2	9	8	3	117	#
617	458.426	9	11	2	8	4	3	1	117	#
618	945.928	10	0	9	3	2	11	5	8	6	4	1	7	#
619	1084.8	11	2	6	5	3	4	10	9	8	1	7	0	#
620	854.925	7	6	5	8	9	10	0	4	3	1	2	11	#
621	572.44	10	9	3	1	2	0	5	11	8	118	#
622	626.363	3	1	4	8	0	11	10	2	5	118	#
623	623.471	0	11	3	4	10	5	8	6	1	118	#
624	609.887	8	0	4	5	10	11	3	1	9	118	#
625	581.631	9	1	0	2	5	11	4	8	10	118	#
626	541.293	1	2	10	6	9	0	11	8	5	118	#
627	438.2	5	4	8	9	3	7	1	6	119	#
628	551.46	8	4	2	3	1	9	5	11	119	#
629	547.363	5	8	2	0	4	9	7	3	119	#
630	546.516	4	8	5	3	2	9	10	6	119	#
631	543.986	9	10	4	5	2	8	3	1	119	#
632	428.221	1	2	5	4	8	11	3	7	119	#
633	104.134	10	#
634	359.953	9	2	1	5	3	7	120	#
635	480.809	3	7	6	8	0	9	120	#
636	391.37	9	1	6	7	3	5	120	#
637	387.091	1	7	8	6	5	2	120	#
638	382.654	2	6	5	3	4	8	120	#
639	347.366	7	9	10	1	6	11	120	#
640	494.21	5	10	6	2	9	11	1	4	7	3	0	8	#
641	639.94	1	10	0	9	8	2	7	5	121	#
642	755.226	1	9	2	3	0	11	5	10	121	#
643	751.812	0	10	8	1	3	9	11	4	121	#
644	710.067	5	9	2	1	8	4	3	11	121	#
645	702.402	9	1	5	0	10	8	11	4	121	#
646	665.424	10	8	3	7	9	11	5	2	121	#
647	596.452	7	11	1	6	8	0	3	4	5	9	2	122	#
648	637.105	11	6	7	4	8	1	0	5	3	10	2	122	#
649	613.128	3	7	0	6	4	1	10	2	9	5	11	122	#
650	588.978	7	0	6	10	8	3	9	4	5	2	1	122	#
651	526.971	9	6	3	7	2	5	4	0	10	8	11	122	#
652	718.789	10	9	11	2	8	5	0	4	7	6	1	123	#
653	745.355	5	3	4	8	11	10	9	1	0	6	2	123	#
654	724.59	10	5	3	4	2	0	6	11	9	7	8	123	#
655	717.46	9	8	0	5	6	2	3	7	11	1	10	123	#
656	690.156	1	11	5	9	3	7	10	6	8	2	4	123	#
657	687.536	11	9	8	4	3	1	0	6	2	10	7	123	#
658	319.224	5	8	4	11	9	124	#
659	439.423	8	0	5	9	1	124	#
660	396.057	9	0	10	1	8	124	#
661	306.309	5	0	9	10	6	124	#
662	299.851	4	8	1	7	9	124	#
663	259.381	11	8	1	10	4	124	#
664	563.622	5	2	6	10	0	11	1	125	#
665	562.919	5	0	7	6	1	11	4	125	#
666	557.298	10	1	7	6	0	5	11	125	#
667	550.74	0	1	2	10	6	7	4	125	#
668	513.022	2	4	7	3	1	6	10	125	#
669	457.168	11	2	1	7	4	8	0	125	#
670	19.7062	7	#
671	814.585	10	4	1	2	0	7	3	6	9	5	8	11	#
672	744.421	6	11	4	3	9	7	0	1	10	2	5	8	#
673	66.5881	5	#
674	693.905	3	11	6	10	0	8	126	#
675	633.392	6	0	10	9	11	8	126	#
676	631.87	3	8	6	7	10	11	126	#
677	623.578	8	3	1	7	11	10	126	#
678	591.798	11	3	0	9	8	7	126	#
679	515.019	10	6	11	4	3	9	126	#
680	276.556	3	10	5	6	127	#
681	329.505	6	9	8	3	127	#
682	316.412	10	3	6	8	127	#
683	280.519	3	8	10	7	127	#
684	245.253	5	0	6	7	127	#
685	1182.02	4	0	9	1	7	10	5	6	8	11	2	3	#
686	741.095	3	8	2	11	4	7	0	6	128	#
687	771.02	2	8	6	5	3	0	7	11	128	#
688	760.873	0	1	9	8	5	4	6	3	128	#
689	745.219	3	5	10	8	4	1	2	6	128	#
690	741.066	6	5	7	9	0	2	3	4	128	#
691	719.192	4	9	0	10	5	11	2	8	128	#
692	751.972	1	11	2	6	8	3	0	4	5	7	10	9	#
693	261.039	6	9	0	5	2	3	11	129	#
694	306.887	0	7	4	5	3	11	2	129	#
695	269.711	5	11	6	2	4	10	8	129	#
696	248.702	6	2	3	11	10	8	4	129	#
697	231.862	9	0	3	1	8	5	4	129	#
698	225.807	3	11	4	10	2	7	6	129	#
699	364.574	6	9	5	7	0	3	130	#
700	388.795	0	4	8	2	5	9	130	#
701	368.58	9	11	5	6	0	2	130	#
702	356.162	5	9	2	4	11	0	130	#
703	317.477	6	8	1	7	11	10	130	#
704	296.584	3	4	11	1	7	9	130	#
705	460.392	9	1	0	5	10	2	4	7	131	#
706	614.294	7	3	0	6	11	2	10	5	131	#
707	603.444	2	10	0	1	5	9	3	8	131	#
708	602.843	0	5	10	1	11	2	9	8	131	#
709	595.667	9	6	4	2	0	11	1	3	131	#
710	577.104	5	9	1	6	11	3	2	10	131	#
711	773.138	11	2	10	9	1	8	3	4	6	0	7	5	#
712	59.9733	7	#
713	729.107	7	3	4	6	2	1	11	10	9	0	8	5	#
714	422.536	3	11	10	6	8	5	132	#
715	426.815	10	2	3	0	6	9	132	#
716	421.311	6	3	5	8	2	10	132	#
717	398.861	11	2	8	3	6	4	132	#
718	381.527	3	11	1	5	9	2	132	#
719	373.879	8	11	3	4	10	9	132	#
720	460.126	6	7	5	0	8	11	10	4	3	2	133	#
721	466.054	3	5	11	4	7	2	1	10	0	6	133	#
722	448.908	7	11	9	10	0	4	5	3	6	1	133	#
723	442.98	4	7	0	9	10	11	5	8	6	3	133	#
724	436.149	0	5	9	10	2	4	11	6	3	7	133	#
725	427.483	8	5	6	9	10	11	4	7	1	0	133	#
726	599.81	1	0	2	10	7	11	9	8	6	3	5	4	#
727	81.6771	8	#
728	547.624	4	5	3	11	7	2	1	9	0	10	6	8	#
729	615.782	6	7	3	10	9	0	11	2	1	8	4	5	#
730	599.871	8	1	11	9	10	5	3	2	4	0	7	6	#
731	1109.98	7	3	0	4	1	6	10	5	8	2	11	9	#
732	413.789	1	0	2	5	9	10	7	11	134	#
733	490.322	1	9	10	3	0	5	11	4	134	#
734	486.044	5	1	10	0	2	11	8	4	134	#
735	478.787	11	3	10	2	0	4	1	9	134	#
736	462.067	2	10	11	0	1	9	4	5	134	#
737	402.863	0	8	11	5	3	10	4	2	134	#
738	484.339	5	0	6	7	2	3	8	1	9	4	11	10	#
739	108.005	2	6	135	#
740	158.501	2	3	135	#
741	79.1022	6	8	135	#
742	893.511	1	2	5	10	4	9	0	8	3	136	#
743	943.224	10	2	5	3	8	0	6	7	9	136	#
744	926.718	0	7	5	4	3	1	8	2	6	136	#
745	889.737	4	0	10	3	5	8	2	9	7	136	#
746	882.125	9	4	1	10	5	8	3	6	0	136	#
747	873.313	3	5	10	7	2	6	1	8	4	136	#
748	113.574	0	8	9	137	#
749	112.362	8	11	1	137	#
750	97.7478	0	9	5	137	#
751	27.9392	9	7	5	137	#
752	52.0032	8	3	138	#
753	54.0445	3	7	138	#
754	144.976	1	2	139	#
755	131.568	2	5	139	#
756	874.717	4	3	8	7	1	0	9	2	11	6	5	10	#
757	591.043	10	1	2	4	0	5	3	9	140	#
758	692.168	5	0	2	7	3	11	6	10	140	#
759	685.211	2	5	0	3	11	6	10	4	140	#
760	664.018	0	3	5	7	2	1	10	4	140	#
761	627.946	10	1	6	2	0	8	4	3	140	#
762	567.62	4	8	0	3	2	10	7	5	140	#
763	606.73	4	11	2	8	10	0	1	141	#
764	601.513	10	8	9	0	5	11	1	141	#
765	555.233	1	4	11	8	6	5	10	141	#
766	546.93	2	11	6	8	4	0	10	141	#
767	470.059	8	1	4	10	11	9	2	141	#
768	457.717	0	1	7	10	5	4	9	141	#
769	642.43	1	9	5	4	11	0	7	3	2	10	8	6	#
770	454.298	1	9	2	7	10	0	4	142	#
771	660.429	0	7	11	8	10	9	1	142	#
772	607.333	9	0	11	5	8	1	6	142	#
773	594.47	1	8	10	0	7	9	3	142	#
774	542.181	7	6	1	0	11	2	8	142	#
775	458.565	2	6	10	11	3	8	9	142	#
776	682.728	5	0	6	9	10	1	2	7	11	8	3	4	#
777	492.854	4	8	3	9	0	10	11	1	7	5	6	2	#
778	307.413	8	11	10	2	143	#
779	317.352	2	4	11	10	143	#
780	302.336	10	6	5	8	143	#
781	243.992	11	4	8	7	143	#
782	166.669	8	3	5	4	143	#
783	297.067	5	9	8	1	11	2	0	10	6	144	#
784	331.662	9	5	0	2	3	4	10	8	11	144	#
785	239.598	11	2	4	9	8	1	6	5	10	144	#
786	231.783	5	4	11	1	9	2	8	6	3	144	#
787	220.074	6	11	10	3	9	1	7	8	5	144	#
788	214.528	10	8	11	6	5	9	2	3	7	144	#
789	784.962	3	11	1	5	10	8	4	0	2	9	7	6	#
790	120.579	10	#
791	691.902	8	5	9	10	7	2	4	3	6	1	11	0	#
792	41.124	5	4	145	#
793	8.69679	4	9	145	#
794	845.335	2	6	8	10	9	1	7	0	11	3	4	146	#
795	875.259	2	6	3	8	10	11	0	9	5	1	7	146	#
796	801.264	4	2	0	8	1	11	9	10	7	6	5	146	#
797	736.007	1	7	9	4	11	3	8	2	10	0	5	146	#
798	684.395	10	11	1	0	6	8	5	9	7	147	#
799	670.39	0	5	2	10	9	6	8	11	1	147	#
800	634.497	7	10	2	11	8	0	9	1	5	147	#
801	632.828	9	0	8	7	10	1	11	4	3	147	#
802	624.97	1	5	9	4	0	6	11	2	10	147	#
803	597.645	5	2	1	10	11	0	4	7	3	147	#
804	385.074	9	1	7	0	5	4	148	#
805	551.912	5	2	7	4	6	11	148	#
806	513.689	9	6	11	5	0	7	148	#
807	473.805	0	7	6	11	3	1	148	#
808	454.924	1	11	8	7	2	9	148	#
809	150.26	3	#
810	756.278	9	11	4	1	6	10	8	3	2	149	#
811	856.096	8	11	1	9	4	5	10	2	3	149	#
812	828.716	11	9	8	2	6	3	4	5	10	149	#
813	815.231	1	8	10	0	4	9	5	11	2	149	#
814	780.763	10	6	2	0	5	8	9	4	3	149	#
815	722.93	6	9	2	5	7	3	10	11	8	149	#
816	188.107	1	8	150	#
817	220.083	8	11	150	#
818	81.7583	1	4	150	#
819	126.416	5	4	151	#
820	155.083	4	0	151	#
821	150.573	5	1	151	#
822	488.245	7	1	9	10	4	8	11	6	5	0	2	152	#
823	516.5	10	0	5	6	4	9	7	8	11	3	1	152	#
824	497.876	4	5	10	0	6	7	1	11	3	8	2	152	#
825	473.899	9	11	4	6	1	0	7	3	5	10	2	152	#
826	624.672	0	7	2	3	8	4	1	5	11	9	153	#
827	761.251	3	8	6	1	5	7	4	9	11	0	153	#
828	753.776	8	3	0	6	7	10	5	4	9	1	153	#
829	748.256	1	11	4	6	7	0	10	2	8	5	153	#
830	744.256	0	7	1	10	3	5	8	2	6	4	153	#
831	728.995	7	3	0	5	8	6	9	2	4	1	153	#
832	492.518	11	4	5	6	2	9	10	0	1	8	7	3	#
833	638.941	3	10	6	2	8	5	4	7	154	#
834	638.762	8	6	7	4	2	10	3	11	154	#
835	636.815	6	10	8	4	3	2	7	9	154	#
836	581.012	3	11	7	6	0	8	4	9	154	#
837	553.837	5	9	11	3	4	7	2	8	154	#
838	553.176	7	9	10	0	6	5	11	2	154	#
839	1030.47	9	5	10	1	8	2	11	7	0	6	4	3	#
840	378.464	1	8	6	5	4	3	11	155	#
841	535.62	4	8	6	0	7	1	5	155	#
842	413.772	5	6	0	2	4	9	7	155	#
843	401.315	3	7	8	0	10	4	1	155	#
844	385.36	11	0	5	7	6	4	10	155	#
845	373.06	8	10	0	7	1	2	4	155	#
846	784.237	9	3	6	5	2	7	0	4	11	1	10	8	#
847	630.398	8	0	9	6	1	4	3	10	156	#
848	687.938	6	8	11	4	3	0	10	5	156	#
849	638.612	0	7	8	5	4	3	10	9	156	#
850	625.534	9	7	10	4	8	5	11	2	156	#
851	609.682	8	4	7	3	10	1	9	11	156	#
852	599.528	10	6	0	4	5	11	1	2	156	#
853	172.956	2	1	157	#
854	101.806	1	7	157	#
855	96.5975	2	4	157	#
856	627.708	8	11	10	1	4	0	158	#
857	735.756	0	9	10	11	2	3	158	#
858	674.113	10	2	5	9	8	3	158	#
859	629.541	4	11	8	0	3	5	158	#
860	574.445	8	4	3	6	11	7	158	#
861	557.054	11	9	1	4	10	7	158	#
862	489.995	0	1	11	5	9	2	4	6	8	10	3	7	#
863	941.231	0	8	10	3	2	5	1	9	7	6	4	159	#
864	951.989	2	0	6	5	4	1	9	8	3	10	11	159	#
865	948.706	7	3	9	11	0	5	6	8	4	1	2	159	#
866	936.513	6	3	7	10	0	11	2	1	5	8	9	159	#
867	927.125	3	7	1	2	10	8	0	4	5	11	6	159	#
868	916.096	1	7	11	0	8	3	9	5	4	10	2	159	#
869	855.766	4	5	2	0	3	6	8	11	1	10	9	7	#
870	253.068	3	11	160	#
871	115.06	11	4	160	#
872	673.253	11	10	2	5	6	3	7	4	9	0	1	8	#
873	313.696	10	7	8	6	0	1	4	161	#
874	463.275	10	9	7	11	8	6	1	161	#
875	455.585	8	10	11	7	0	5	6	161	#
876	413.483	1	7	10	9	11	6	0	161	#
877	365.111	7	4	8	11	9	6	5	161	#
878	345.726	0	9	4	10	6	5	11	161	#
879	322.734	11	4	6	162	#
880	244.159	11	8	5	162	#
881	231.176	6	0	3	162	#
882	172.906	4	8	5	162	#
883	252.795	0	9	5	163	#
884	204.475	0	2	4	163	#
885	195.204	9	1	2	163	#
886	144.074	5	4	6	163	#
887	637.357	8	0	3	7	2	5	9	6	11	1	10	4	#
888	812.395	6	7	8	2	10	11	3	0	5	164	#
889	904.273	3	6	8	1	7	10	9	0	2	164	#
890	844.286	7	1	3	8	9	2	0	10	11	164	#
891	835.548	0	10	6	2	1	5	3	7	9	164	#
892	825.225	6	0	10	9	5	1	2	8	3	164	#
893	795.301	8	6	10	2	0	1	3	9	4	164	#
894	70.6993	10	#
895	168.856	11	8	#
896	371.719	0	3	10	4	7	11	6	2	5	8	165	#
897	425.361	4	8	1	2	5	6	7	11	3	0	165	#
898	425.065	7	6	1	8	9	0	5	3	11	10	165	#
899	421.116	0	9	7	3	4	5	1	6	2	8	165	#
900	412.262	11	8	1	7	6	0	2	10	4	3	165	#
901	396.81	2	5	6	11	0	9	1	10	8	7	165	#
902	502.816	2	0	5	4	6	3	11	8	10	9	7	1	#
903	129.214	6	#
904	253.504	2	4	8	166	#
905	292.995	2	4	11	166	#
906	236.497	4	8	0	166	#
907	226.319	8	10	7	166	#
908	817.674	6	2	3	9	1	4	11	8	7	5	0	10	#
909	334.915	11	3	8	7	1	167	#
910	434.39	7	11	0	2	3	167	#
911	395.283	1	2	10	0	5	167	#
912	364.584	8	1	10	6	0	167	#
913	315.866	11	3	7	9	2	167	#
914	236.597	3	2	6	8	4	167	#
915	407.752	4	8	11	9	1	0	10	5	7	6	3	2	#
916	688.738	9	11	6	2	5	4	7	1	0	3	10	8	#
917	724.247	7	3	11	10	1	8	6	9	2	4	5	0	#
918	514.006	4	7	3	8	5	6	9	10	2	11	0	1	#
919	621.856	2	10	0	6	11	5	168	#
920	660.727	0	7	9	1	10	5	168	#
921	628.271	11	2	1	6	5	0	168	#
922	616.815	5	11	9	0	6	7	168	#
923	599.943	6	5	8	7	11	10	168	#
924	573.416	2	11	0	9	8	3	168	#
925	283.982	11	6	2	0	1	169	#
926	332.389	6	3	2	7	0	169	#
927	240.615	2	1	7	0	10	169	#
928	208.742	0	8	2	7	1	169	#
929	175.733	11	7	4	6	1	169	#
930	151.07	1	2	9	7	11	169	#
931	465.622	1	4	2	3	10	0	9	8	170	#
932	650.112	0	5	6	4	2	3	10	7	170	#
933	564.86	2	3	4	6	10	7	5	9	170	#
934	538.137	4	5	6	2	9	8	1	3	170	#
935	537.527	8	1	10	4	6	2	3	7	170	#
936	480.771	10	6	7	11	3	4	9	5	170	#
937	273.268	10	2	0	11	171	#
938	331.144	2	8	3	4	171	#
939	317.078	10	8	9	1	171	#
940	280.841	11	2	5	9	171	#
941	210.541	0	6	11	10	171	#
942	111.307	10	9	172	#
943	143.41	10	1	172	#
944	93.592	9	2	172	#
945	518.916	5	2	0	4	8	3	9	11	10	7	173	#
946	549.414	8	4	10	2	5	1	11	0	9	3	173	#
947	521.914	5	4	3	9	10	11	0	6	1	8	173	#
948	520.375	2	4	1	10	3	8	6	5	11	9	173	#
949	493.659	9	0	5	6	1	8	11	10	2	4	173	#
950	491.415	4	7	10	5	11	0	8	6	9	3	173	#
951	505.813	11	1	9	2	7	6	10	3	4	8	0	5	#
952	612.753	6	4	1	2	10	8	3	7	5	0	9	11	#
953	106.349	6	#
954	556.103	5	2	1	8	7	4	3	174	#
955	699.611	3	6	11	7	2	0	8	174	#
956	628.188	2	5	1	11	7	4	6	174	#
957	595.807	8	2	6	3	11	5	4	174	#
958	560.818	5	6	3	4	7	8	1	174	#
959	542.072	4	11	9	2	7	6	10	174	#
960	848.596	5	9	11	0	10	8	7	3	2	1	6	4	#
961	81.9572	1	#
962	870.878	8	2	9	6	10	0	7	1	5	11	3	4	#
963	453.506	7	9	5	6	3	4	2	175	#
964	448.025	2	5	4	3	10	0	7	175	#
965	391.735	4	2	3	11	9	5	0	175	#
966	386.722	6	2	10	9	5	4	7	175	#
967	383.083	3	4	10	8	0	7	6	175	#
968	380.636	5	2	9	11	0	6	4	175	#
969	348.708	1	10	0	11	176	#
970	276.293	0	2	8	11	176	#
971	247.662	11	4	5	6	176	#
972	246.904	1	10	2	4	176	#
973	200.355	10	8	9	4	176	#
974	361.25	4	11	8	0	2	1	10	177	#
975	425.448	11	4	8	0	9	5	1	177	#
976	413.583	8	5	11	1	7	4	0	177	#
977	382.132	4	0	1	10	9	5	7	177	#
978	317.001	1	5	4	8	6	10	2	177	#
979	300.447	2	8	4	1	5	9	11	177	#
980	932.681	2	8	5	1	4	9	6	3	10	7	11	0	#
981	188.979	8	0	3	7	1	6	2	9	5	4	#
982	635.206	2	1	0	3	8	11	178	#
983	627.731	3	0	10	8	1	2	178	#
984	523.858	11	2	1	6	10	8	178	#
985	507.704	0	6	8	10	9	2	178	#
986	487.965	8	10	1	11	2	7	178	#
987	486.009	2	6	7	8	3	0	178	#
988	923.979	5	0	9	2	1	10	8	4	11	3	7	6	#
989	653.467	4	2	1	5	3	7	6	0	10	8	11	9	#
990	177.972	9	6	179	#
991	139.033	6	5	179	#
992	101.926	9	1	179	#
993	925.206	2	8	10	0	1	9	6	3	11	5	4	7	#
994	500.993	2	5	6	10	11	4	0	9	7	8	180	#
995	635.441	8	1	11	2	6	4	3	0	5	10	180	#
996	608.906	2	4	9	11	3	6	0	5	10	8	180	#
997	575.571	4	7	0	2	5	10	3	9	1	11	180	#
998	574.472	6	2	5	10	4	11	8	1	3	9	180	#
999	573.013	9	5	7	0	2	11	8	3	10	4	180	#
